000001100101 1111111000000000000000010010000000111100
000001100110 0001001000000011110100000101000000110011
000001100111 0001001000000011001000001111000001101011
000001101000 0000000100000011110011111111000000111101
000001101001 0000010100000011110100010010000000111100
000001101010 0000011100000011001000000001000000110010
000001101011 0000110100000110011100000001000000111100
000001101100 0000110000000011001111000000110000000000
000001101101 0001001000000011001011110000000000000000
000000110011 000000000101
000000111100 000000000000
000000111101 000000000000
000000111110 000000000000
000000110010 000000000000
000000111111 000000000000
000001000000 000000000000
